# Tetrahedron method
       -0.5000000000        0.0000000000
       -0.4900000000        0.0000000000
       -0.4800000000        0.0000000000
       -0.4700000000        0.0000000000
       -0.4600000000        0.0000000000
       -0.4500000000        0.0000000000
       -0.4400000000        0.0000000000
       -0.4300000000        0.0000000000
       -0.4200000000        0.0000000000
       -0.4100000000        0.0000000000
       -0.4000000000        0.0000000000
       -0.3900000000        0.0000000000
       -0.3800000000        0.0000000000
       -0.3700000000        0.0000000000
       -0.3600000000        0.0000000000
       -0.3500000000        0.0000000000
       -0.3400000000        0.0000000000
       -0.3300000000        0.0000000000
       -0.3200000000        0.0000000000
       -0.3100000000        0.0000000000
       -0.3000000000        0.0000000000
       -0.2900000000        0.0000000000
       -0.2800000000        0.0000000000
       -0.2700000000        0.0000000000
       -0.2600000000        0.0000000000
       -0.2500000000        0.0000000000
       -0.2400000000        0.0000000000
       -0.2300000000        0.0000000000
       -0.2200000000        0.0000000000
       -0.2100000000        0.0000000000
       -0.2000000000        0.0000000000
       -0.1900000000        0.0000000000
       -0.1800000000        0.0000000000
       -0.1700000000        0.0000000000
       -0.1600000000        0.0000000000
       -0.1500000000        0.0000000000
       -0.1400000000        0.0000000000
       -0.1300000000        0.0000000000
       -0.1200000000        0.0000000000
       -0.1100000000        0.0000000000
       -0.1000000000        0.0000000000
       -0.0900000000        0.0000000000
       -0.0800000000        0.0000000000
       -0.0700000000        0.0000000000
       -0.0600000000        0.0000000000
       -0.0500000000        0.0000000000
       -0.0400000000        0.0000000000
       -0.0300000000        0.0000000000
       -0.0200000000        0.0000000000
       -0.0100000000        0.0000000000
        0.0000000000        0.0000000000
        0.0100000000        0.0000012483
        0.0200000000        0.0000049930
        0.0300000000        0.0000112342
        0.0400000000        0.0000199720
        0.0500000000        0.0000312061
        0.0600000000        0.0000449368
        0.0700000000        0.0000611640
        0.0800000000        0.0000798876
        0.0900000000        0.0001011077
        0.1000000000        0.0001248243
        0.1100000000        0.0001510374
        0.1200000000        0.0001797470
        0.1300000000        0.0002109530
        0.1400000000        0.0002446555
        0.1500000000        0.0002808545
        0.1600000000        0.0003195500
        0.1700000000        0.0003607420
        0.1800000000        0.0004044304
        0.1900000000        0.0004506153
        0.2000000000        0.0004992967
        0.2100000000        0.0005504746
        0.2200000000        0.0006041490
        0.2300000000        0.0006603198
        0.2400000000        0.0007189872
        0.2500000000        0.0008336965
        0.2600000000        0.0010025298
        0.2700000000        0.0011644348
        0.2800000000        0.0013194116
        0.2900000000        0.0014674601
        0.3000000000        0.0016085804
        0.3100000000        0.0017427725
        0.3200000000        0.0018736092
        0.3300000000        0.0020051188
        0.3400000000        0.0021373049
        0.3500000000        0.0022701674
        0.3600000000        0.0024037064
        0.3700000000        0.0025379219
        0.3800000000        0.0026729025
        0.3900000000        0.0028152893
        0.4000000000        0.0029692138
        0.4100000000        0.0031346757
        0.4200000000        0.0033116752
        0.4300000000        0.0035002122
        0.4400000000        0.0037002868
        0.4500000000        0.0039118988
        0.4600000000        0.0041271870
        0.4700000000        0.0043346097
        0.4800000000        0.0045424861
        0.4900000000        0.0047556500
        0.5000000000        0.0049674491
        0.5100000000        0.0053079709
        0.5200000000        0.0055185385
        0.5300000000        0.0057300157
        0.5400000000        0.0059424024
        0.5500000000        0.0061556986
        0.5600000000        0.0063699044
        0.5700000000        0.0065850198
        0.5800000000        0.0068010447
        0.5900000000        0.0071976636
        0.6000000000        0.0074742543
        0.6100000000        0.0077489684
        0.6200000000        0.0080217829
        0.6300000000        0.0082923597
        0.6400000000        0.0085605869
        0.6500000000        0.0088268692
        0.6600000000        0.0090961873
        0.6700000000        0.0093700209
        0.6800000000        0.0096483701
        0.6900000000        0.0099312349
        0.7000000000        0.0102186152
        0.7100000000        0.0105107568
        0.7200000000        0.0108136749
        0.7300000000        0.0111796485
        0.7400000000        0.0114895081
        0.7500000000        0.0116207601
        0.7600000000        0.0119539779
        0.7700000000        0.0122935590
        0.7800000000        0.0126287760
        0.7900000000        0.0129596292
        0.8000000000        0.0132918149
        0.8100000000        0.0136227659
        0.8200000000        0.0139561890
        0.8300000000        0.0142950657
        0.8400000000        0.0146394134
        0.8500000000        0.0149892322
        0.8600000000        0.0153445220
        0.8700000000        0.0157075282
        0.8800000000        0.0160821355
        0.8900000000        0.0164684729
        0.9000000000        0.0168643513
        0.9100000000        0.0172655248
        0.9200000000        0.0176696305
        0.9300000000        0.0180010598
        0.9400000000        0.0183553660
        0.9500000000        0.0188282411
        0.9600000000        0.0193792286
        0.9700000000        0.0199003503
        0.9800000000        0.0204085431
        0.9900000000        0.0209046735
        1.0000000000        0.0214014803
        1.0100000000        0.0219035513
        1.0200000000        0.0223955358
        1.0300000000        0.0228557422
        1.0400000000        0.0233173025
        1.0500000000        0.0237804052
        1.0600000000        0.0242461112
        1.0700000000        0.0247122824
        1.0800000000        0.0251793398
        1.0900000000        0.0256593996
        1.1000000000        0.0261476011
        1.1100000000        0.0266392482
        1.1200000000        0.0271463941
        1.1300000000        0.0276790395
        1.1400000000        0.0282390162
        1.1500000000        0.0288692058
        1.1600000000        0.0297327550
        1.1700000000        0.0304943596
        1.1800000000        0.0311846902
        1.1900000000        0.0317854032
        1.2000000000        0.0323499563
        1.2100000000        0.0329082115
        1.2200000000        0.0334902272
        1.2300000000        0.0340944069
        1.2400000000        0.0347134404
        1.2500000000        0.0353212769
        1.2600000000        0.0359241834
        1.2700000000        0.0365301878
        1.2800000000        0.0371397089
        1.2900000000        0.0377564716
        1.3000000000        0.0382682817
        1.3100000000        0.0388166722
        1.3200000000        0.0395082125
        1.3300000000        0.0402395927
        1.3400000000        0.0409642082
        1.3500000000        0.0416787330
        1.3600000000        0.0424615151
        1.3700000000        0.0432728072
        1.3800000000        0.0439831998
        1.3900000000        0.0447101951
        1.4000000000        0.0454520673
        1.4100000000        0.0461832099
        1.4200000000        0.0468907042
        1.4300000000        0.0475836799
        1.4400000000        0.0482687949
        1.4500000000        0.0489675969
        1.4600000000        0.0496996635
        1.4700000000        0.0504853108
        1.4800000000        0.0513487179
        1.4900000000        0.0522518662
        1.5000000000        0.0531434522
        1.5100000000        0.0540410573
        1.5200000000        0.0549436514
        1.5300000000        0.0558495687
        1.5400000000        0.0567558243
        1.5500000000        0.0576966290
        1.5600000000        0.0587008523
        1.5700000000        0.0596668566
        1.5800000000        0.0606068482
        1.5900000000        0.0615371952
        1.6000000000        0.0624043056
        1.6100000000        0.0632900090
        1.6200000000        0.0641973383
        1.6300000000        0.0651847804
        1.6400000000        0.0661842637
        1.6500000000        0.0671873273
        1.6600000000        0.0682135465
        1.6700000000        0.0692947242
        1.6800000000        0.0703921760
        1.6900000000        0.0715279870
        1.7000000000        0.0727121891
        1.7100000000        0.0738829216
        1.7200000000        0.0749613219
        1.7300000000        0.0760062384
        1.7400000000        0.0770591944
        1.7500000000        0.0781352161
        1.7600000000        0.0792405679
        1.7700000000        0.0803591206
        1.7800000000        0.0815340006
        1.7900000000        0.0827940323
        1.8000000000        0.0840902008
        1.8100000000        0.0853444798
        1.8200000000        0.0864198411
        1.8300000000        0.0875449939
        1.8400000000        0.0887488476
        1.8500000000        0.0900822763
        1.8600000000        0.0914287974
        1.8700000000        0.0927197565
        1.8800000000        0.0938633932
        1.8900000000        0.0950125162
        1.9000000000        0.0961791390
        1.9100000000        0.0973620573
        1.9200000000        0.0985592299
        1.9300000000        0.0998105005
        1.9400000000        0.1011701307
        1.9500000000        0.1025678381
        1.9600000000        0.1039988597
        1.9700000000        0.1054489443
        1.9800000000        0.1069970033
        1.9900000000        0.1086542881
        2.0000000000        0.1103624289
        2.0100000000        0.1120977687
        2.0200000000        0.1138306145
        2.0300000000        0.1156982748
        2.0400000000        0.1174434033
        2.0500000000        0.1190390907
        2.0600000000        0.1205932866
        2.0700000000        0.1221284056
        2.0800000000        0.1237436081
        2.0900000000        0.1254120008
        2.1000000000        0.1270553326
        2.1100000000        0.1287204296
        2.1200000000        0.1304247416
        2.1300000000        0.1321762610
        2.1400000000        0.1339877814
        2.1500000000        0.1358555436
        2.1600000000        0.1377574961
        2.1700000000        0.1398189165
        2.1800000000        0.1419223196
        2.1900000000        0.1440135155
        2.2000000000        0.1461850477
        2.2100000000        0.1483762971
        2.2200000000        0.1503124977
        2.2300000000        0.1522008300
        2.2400000000        0.1541358302
        2.2500000000        0.1560650717
        2.2600000000        0.1579960926
        2.2700000000        0.1599358866
        2.2800000000        0.1618898568
        2.2900000000        0.1636710834
        2.3000000000        0.1655531474
        2.3100000000        0.1675895472
        2.3200000000        0.1697639204
        2.3300000000        0.1720146677
        2.3400000000        0.1741753629
        2.3500000000        0.1765862206
        2.3600000000        0.1791313528
        2.3700000000        0.1818132117
        2.3800000000        0.1845370090
        2.3900000000        0.1870793419
        2.4000000000        0.1895785352
        2.4100000000        0.1920391455
        2.4200000000        0.1944889527
        2.4300000000        0.1969412244
        2.4400000000        0.1994623338
        2.4500000000        0.2020993009
        2.4600000000        0.2048432842
        2.4700000000        0.2075834193
        2.4800000000        0.2104831523
        2.4900000000        0.2133097149
        2.5000000000        0.2161701672
        2.5100000000        0.2190566912
        2.5200000000        0.2221851492
        2.5300000000        0.2254458243
        2.5400000000        0.2287324012
        2.5500000000        0.2320065881
        2.5600000000        0.2351372989
        2.5700000000        0.2382864186
        2.5800000000        0.2414941274
        2.5900000000        0.2446825477
        2.6000000000        0.2481252483
        2.6100000000        0.2517823032
        2.6200000000        0.2554718648
        2.6300000000        0.2589219718
        2.6400000000        0.2622509624
        2.6500000000        0.2655982039
        2.6600000000        0.2689832411
        2.6700000000        0.2724332383
        2.6800000000        0.2762352560
        2.6900000000        0.2801344389
        2.7000000000        0.2841999212
        2.7100000000        0.2884378242
        2.7200000000        0.2925337287
        2.7300000000        0.2968264615
        2.7400000000        0.3011978806
        2.7500000000        0.3053840639
        2.7600000000        0.3096108272
        2.7700000000        0.3138140550
        2.7800000000        0.3176623976
        2.7900000000        0.3217147206
        2.8000000000        0.3258431558
        2.8100000000        0.3300209906
        2.8200000000        0.3343804764
        2.8300000000        0.3394060903
        2.8400000000        0.3448728073
        2.8500000000        0.3505561319
        2.8600000000        0.3561451835
        2.8700000000        0.3614532340
        2.8800000000        0.3667358625
        2.8900000000        0.3721492479
        2.9000000000        0.3774578271
        2.9100000000        0.3827672579
        2.9200000000        0.3880038639
        2.9300000000        0.3936862533
        2.9400000000        0.3994791263
        2.9500000000        0.4052525573
        2.9600000000        0.4113270051
        2.9700000000        0.4178921416
        2.9800000000        0.4248396588
        2.9900000000        0.4319002686
        3.0000000000        0.4388832644
        3.0100000000        0.4455827406
        3.0200000000        0.4523194632
        3.0300000000        0.4595972169
        3.0400000000        0.4669814843
        3.0500000000        0.4743684979
        3.0600000000        0.4818660017
        3.0700000000        0.4894925830
        3.0800000000        0.4973431306
        3.0900000000        0.5050804087
        3.1000000000        0.5134476209
        3.1100000000        0.5221441048
        3.1200000000        0.5312568781
        3.1300000000        0.5407812361
        3.1400000000        0.5503431966
        3.1500000000        0.5599535037
        3.1600000000        0.5696251309
        3.1700000000        0.5793633841
        3.1800000000        0.5892400088
        3.1900000000        0.5995086035
        3.2000000000        0.6099645597
        3.2100000000        0.6212788150
        3.2200000000        0.6336017020
        3.2300000000        0.6468311268
        3.2400000000        0.6600595812
        3.2500000000        0.6730451803
        3.2600000000        0.6862010514
        3.2700000000        0.6995198464
        3.2800000000        0.7129346900
        3.2900000000        0.7274319293
        3.3000000000        0.7424539073
        3.3100000000        0.7583767760
        3.3200000000        0.7762765886
        3.3300000000        0.7959577101
        3.3400000000        0.8147051087
        3.3500000000        0.8337576555
        3.3600000000        0.8533082156
        3.3700000000        0.8746668420
        3.3800000000        0.8992519083
        3.3900000000        0.9215850662
        3.4000000000        0.9459660975
        3.4100000000        0.9765377357
        3.4200000000        1.0124722927
        3.4300000000        1.0429903574
        3.4400000000        1.0865418476
        3.4500000000        1.1289015504
        3.4600000000        1.1991622087
        3.4700000000        1.2761641333
        3.4800000000        1.3297984374
        3.4900000000        1.3443344989
        3.5000000000        1.3669553560
        3.5100000000        1.3972484846
        3.5200000000        1.4282786668
        3.5300000000        1.4663436748
        3.5400000000        1.5100913507
        3.5500000000        1.5533389715
        3.5600000000        1.5983188990
        3.5700000000        1.6505233967
        3.5800000000        1.7280154073
        3.5900000000        1.8146232095
        3.6000000000        2.0486477968
        3.6100000000        2.0459164209
        3.6200000000        2.0424838041
        3.6300000000        2.0444984789
        3.6400000000        2.0364328921
        3.6500000000        2.0413231906
        3.6600000000        2.0523024592
        3.6700000000        2.0372217813
        3.6800000000        2.0495768345
        3.6900000000        2.0615014553
        3.7000000000        2.0583469787
        3.7100000000        2.0885636586
        3.7200000000        2.0982506633
        3.7300000000        2.1210404220
        3.7400000000        1.9440501432
        3.7500000000        1.7287850223
        3.7600000000        1.6299478780
        3.7700000000        1.5372477481
        3.7800000000        1.4647908795
        3.7900000000        1.4138020989
        3.8000000000        1.3662555674
        3.8100000000        1.3203238027
        3.8200000000        1.2737848347
        3.8300000000        1.2336448073
        3.8400000000        1.2031576119
        3.8500000000        1.1771900846
        3.8600000000        1.1510070412
        3.8700000000        1.1248830179
        3.8800000000        1.0986669557
        3.8900000000        1.0729063990
        3.9000000000        1.0519664706
        3.9100000000        1.0347874902
        3.9200000000        1.0168397709
        3.9300000000        0.9986376656
        3.9400000000        0.9813006669
        3.9500000000        0.9657592055
        3.9600000000        0.9513220600
        3.9700000000        0.9361651194
        3.9800000000        0.9201616267
        3.9900000000        0.9047170466
        4.0000000000        0.8910597235
        4.0100000000        0.8798337557
        4.0200000000        0.8699885597
        4.0300000000        0.8598901981
        4.0400000000        0.8499164504
        4.0500000000        0.8397195587
        4.0600000000        0.8291577233
        4.0700000000        0.8180496355
        4.0800000000        0.8080772209
        4.0900000000        0.7988154220
        4.1000000000        0.7895308800
        4.1100000000        0.7808628074
        4.1200000000        0.7723094859
        4.1300000000        0.7639485583
        4.1400000000        0.7553165925
        4.1500000000        0.7479033504
        4.1600000000        0.7410007541
        4.1700000000        0.7346260690
        4.1800000000        0.7276676777
        4.1900000000        0.7207793687
        4.2000000000        0.7142203262
        4.2100000000        0.7074957868
        4.2200000000        0.7006593205
        4.2300000000        0.6939110945
        4.2400000000        0.6883995385
        4.2500000000        0.6829728179
        4.2600000000        0.6773910408
        4.2700000000        0.6713643816
        4.2800000000        0.6651744022
        4.2900000000        0.6593392124
        4.3000000000        0.6545206820
        4.3100000000        0.6495373510
        4.3200000000        0.6438396583
        4.3300000000        0.6382270050
        4.3400000000        0.6327074290
        4.3500000000        0.6263715912
        4.3600000000        0.6222831312
        4.3700000000        0.6184999318
        4.3800000000        0.6135482419
        4.3900000000        0.6073548964
        4.4000000000        0.6007711710
        4.4100000000        0.5960736813
        4.4200000000        0.5909757530
        4.4300000000        0.5849894321
        4.4400000000        0.5780569437
        4.4500000000        0.5711901656
        4.4600000000        0.5659250711
        4.4700000000        0.5516624811
        4.4800000000        0.5408966890
        4.4900000000        0.5404178662
        4.5000000000        0.5402095878
        4.5100000000        0.5399382258
        4.5200000000        0.5395136669
        4.5300000000        0.5390167471
        4.5400000000        0.5383891667
        4.5500000000        0.5378396836
        4.5600000000        0.5374352694
        4.5700000000        0.5370809129
        4.5800000000        0.5367991499
        4.5900000000        0.5362343549
        4.6000000000        0.5355912125
        4.6100000000        0.5349329993
        4.6200000000        0.5339339417
        4.6300000000        0.5327629746
        4.6400000000        0.5316290163
        4.6500000000        0.5303240518
        4.6600000000        0.5289160186
        4.6700000000        0.5280483920
        4.6800000000        0.5278974312
        4.6900000000        0.5273427756
        4.7000000000        0.5264596696
        4.7100000000        0.5254922455
        4.7200000000        0.5243537830
        4.7300000000        0.5230857280
        4.7400000000        0.5217745360
        4.7500000000        0.5204070259
        4.7600000000        0.5190483416
        4.7700000000        0.5178149653
        4.7800000000        0.5163057654
        4.7900000000        0.5146870923
        4.8000000000        0.5130544539
        4.8100000000        0.5111695161
        4.8200000000        0.5091780414
        4.8300000000        0.5070234008
        4.8400000000        0.5048124060
        4.8500000000        0.5026065038
        4.8600000000        0.5005730909
        4.8700000000        0.4982334793
        4.8800000000        0.4963771307
        4.8900000000        0.4946531729
        4.9000000000        0.4926926576
        4.9100000000        0.4904828093
        4.9200000000        0.4880077025
        4.9300000000        0.4854731852
        4.9400000000        0.4830618821
        4.9500000000        0.4806413437
        4.9600000000        0.4776968510
        4.9700000000        0.4741827255
        4.9800000000        0.4704645352
        4.9900000000        0.4664684395
        5.0000000000        0.4626070591
        5.0100000000        0.4590649792
        5.0200000000        0.4558391673
        5.0300000000        0.4523599399
        5.0400000000        0.4481184403
        5.0500000000        0.4436418871
        5.0600000000        0.4390167579
        5.0700000000        0.4346307785
        5.0800000000        0.4301887380
        5.0900000000        0.4260632781
        5.1000000000        0.4218957302
        5.1100000000        0.4163984384
        5.1200000000        0.4101460870
        5.1300000000        0.4033677052
        5.1400000000        0.3970830239
        5.1500000000        0.3932801372
        5.1600000000        0.3891234593
        5.1700000000        0.3794998772
        5.1800000000        0.3703971565
        5.1900000000        0.3592815278
        5.2000000000        0.3453110981
        5.2100000000        0.3359057783
        5.2200000000        0.3091126222
        5.2300000000        0.2969054932
        5.2400000000        0.2888252640
        5.2500000000        0.2847949682
        5.2600000000        0.2807486997
        5.2700000000        0.2780933695
        5.2800000000        0.2771823437
        5.2900000000        0.2786583450
        5.3000000000        0.2748887001
        5.3100000000        0.2698019061
        5.3200000000        0.2684332783
        5.3300000000        0.2685445942
        5.3400000000        0.2723180297
        5.3500000000        0.2766828405
        5.3600000000        0.2713225999
        5.3700000000        0.2708679113
        5.3800000000        0.2717799806
        5.3900000000        0.2750519274
        5.4000000000        0.2791565339
        5.4100000000        0.2820837543
        5.4200000000        0.2855827680
        5.4300000000        0.2871953908
        5.4400000000        0.2898075635
        5.4500000000        0.2973301075
        5.4600000000        0.3075650303
        5.4700000000        0.3184829379
        5.4800000000        0.3294249108
        5.4900000000        0.3492957345
        5.5000000000        0.3598249589
        5.5100000000        0.3734738823
        5.5200000000        0.3875659395
        5.5300000000        0.4084846529
        5.5400000000        0.4321452939
        5.5500000000        0.4528644532
        5.5600000000        0.4749305647
        5.5700000000        0.4916844512
        5.5800000000        0.5093318132
        5.5900000000        0.5279153642
        5.6000000000        0.5477358883
        5.6100000000        0.5689853412
        5.6200000000        0.5906369837
        5.6300000000        0.6134554145
        5.6400000000        0.6364719989
        5.6500000000        0.6617613684
        5.6600000000        0.6855110799
        5.6700000000        0.7149501165
        5.6800000000        0.7469612905
        5.6900000000        0.7792722111
        5.7000000000        0.8105124775
        5.7100000000        0.8445333327
        5.7200000000        0.8768856561
        5.7300000000        0.9237819758
        5.7400000000        0.9708924074
        5.7500000000        1.0187486204
        5.7600000000        1.0731039837
        5.7700000000        1.1474288245
        5.7800000000        1.2289980084
        5.7900000000        1.3202490518
        5.8000000000        1.4917855595
        5.8100000000        1.6797819091
        5.8200000000        1.6973641121
        5.8300000000        1.7310702245
        5.8400000000        1.7510058886
        5.8500000000        1.7916703970
        5.8600000000        1.8166000889
        5.8700000000        1.6158851088
        5.8800000000        1.4701584302
        5.8900000000        1.3757211242
        5.9000000000        1.3147089240
        5.9100000000        1.2653833850
        5.9200000000        1.2228208000
        5.9300000000        1.1870114056
        5.9400000000        1.1407526803
        5.9500000000        1.1038786581
        5.9600000000        1.0854849787
        5.9700000000        1.0452258538
        5.9800000000        1.0181168258
        5.9900000000        0.9355201480
        6.0000000000        0.8680222201
        6.0100000000        0.8030022248
        6.0200000000        0.7362919475
        6.0300000000        0.6490594334
        6.0400000000        0.6304541829
        6.0500000000        0.6135581700
        6.0600000000        0.5981506179
        6.0700000000        0.5837369788
        6.0800000000        0.5701115286
        6.0900000000        0.5572703797
        6.1000000000        0.5451367519
        6.1100000000        0.5335576741
        6.1200000000        0.5226550385
        6.1300000000        0.5129577369
        6.1400000000        0.5036075419
        6.1500000000        0.4945467659
        6.1600000000        0.4857727365
        6.1700000000        0.4772607900
        6.1800000000        0.4690015290
        6.1900000000        0.4609764380
        6.2000000000        0.4531795452
        6.2100000000        0.4456042496
        6.2200000000        0.4382276539
        6.2300000000        0.4310619988
        6.2400000000        0.4243146852
        6.2500000000        0.4176886214
        6.2600000000        0.4112031333
        6.2700000000        0.4048609872
        6.2800000000        0.3986237876
        6.2900000000        0.3924856401
        6.3000000000        0.3864625443
        6.3100000000        0.3805341666
        6.3200000000        0.3747027028
        6.3300000000        0.3690573234
        6.3400000000        0.3635153156
        6.3500000000        0.3581083721
        6.3600000000        0.3527754072
        6.3700000000        0.3475156096
        6.3800000000        0.3423507504
        6.3900000000        0.3372508042
        6.4000000000        0.3322098325
        6.4100000000        0.3272417073
        6.4200000000        0.3223555343
        6.4300000000        0.3174724855
        6.4400000000        0.3126691764
        6.4500000000        0.3079217944
        6.4600000000        0.3030721535
        6.4700000000        0.2982874894
        6.4800000000        0.2935856797
        6.4900000000        0.2889519016
        6.5000000000        0.2843630534
        6.5100000000        0.2798367676
        6.5200000000        0.2753512868
        6.5300000000        0.2709224600
        6.5400000000        0.2665627044
        6.5500000000        0.2622930144
        6.5600000000        0.2579343603
        6.5700000000        0.2534211934
        6.5800000000        0.2489754967
        6.5900000000        0.2446146125
        6.6000000000        0.2403024640
        6.6100000000        0.2359302108
        6.6200000000        0.2316030661
        6.6300000000        0.2273784632
        6.6400000000        0.2231981017
        6.6500000000        0.2191209384
        6.6600000000        0.2146937323
        6.6700000000        0.2102194887
        6.6800000000        0.2057643499
        6.6900000000        0.2013307812
        6.7000000000        0.1969472824
        6.7100000000        0.1926775526
        6.7200000000        0.1884999119
        6.7300000000        0.1844613616
        6.7400000000        0.1805187314
        6.7500000000        0.1758147330
        6.7600000000        0.1709233505
        6.7700000000        0.1661639460
        6.7800000000        0.1616168831
        6.7900000000        0.1571030190
        6.8000000000        0.1527272667
        6.8100000000        0.1487024773
        6.8200000000        0.1439914398
        6.8300000000        0.1385533886
        6.8400000000        0.1332441708
        6.8500000000        0.1282739753
        6.8600000000        0.1235331632
        6.8700000000        0.1188752536
        6.8800000000        0.1140156459
        6.8900000000        0.1076139087
        6.9000000000        0.1014157621
        6.9100000000        0.0959281737
        6.9200000000        0.0897141720
        6.9300000000        0.0844110431
        6.9400000000        0.0763311115
        6.9500000000        0.0688113931
        6.9600000000        0.0605805951
        6.9700000000        0.0528783184
        6.9800000000        0.0392077312
        6.9900000000        0.0293188754
        7.0000000000        0.0000000000
        7.0100000000        0.0000000000
        7.0200000000        0.0000000000
        7.0300000000        0.0000000000
        7.0400000000        0.0000000000
        7.0500000000        0.0000000000
        7.0600000000        0.0000000000
        7.0700000000        0.0000000000
        7.0800000000        0.0000000000
        7.0900000000        0.0000000000
        7.1000000000        0.0000000000
        7.1100000000        0.0000000000
        7.1200000000        0.0000000000
        7.1300000000        0.0000000000
        7.1400000000        0.0000000000
        7.1500000000        0.0000000000
        7.1600000000        0.0000000000
        7.1700000000        0.0000000000
        7.1800000000        0.0000000000
        7.1900000000        0.0000000000
        7.2000000000        0.0000000000
        7.2100000000        0.0000000000
        7.2200000000        0.0000000000
        7.2300000000        0.0000000000
        7.2400000000        0.0000000000
        7.2500000000        0.0000000000
        7.2600000000        0.0000000000
        7.2700000000        0.0000000000
        7.2800000000        0.0000000000
        7.2900000000        0.0000000000
        7.3000000000        0.0000000000
        7.3100000000        0.0000000000
        7.3200000000        0.0000000000
        7.3300000000        0.0000000000
        7.3400000000        0.0000000000
        7.3500000000        0.0000000000
        7.3600000000        0.0000000000
        7.3700000000        0.0000000000
        7.3800000000        0.0000000000
        7.3900000000        0.0000000000
        7.4000000000        0.0000000000
        7.4100000000        0.0000000000
        7.4200000000        0.0000000000
        7.4300000000        0.0000000000
        7.4400000000        0.0000000000
        7.4500000000        0.0000000000
        7.4600000000        0.0057795767
        7.4700000000        0.0656743604
        7.4800000000        0.0621845940
        7.4900000000        0.0675606589
        7.5000000000        0.0737061433
        7.5100000000        0.0834658099
        7.5200000000        0.0926706420
        7.5300000000        0.1030303478
        7.5400000000        0.1148407716
        7.5500000000        0.1237603082
        7.5600000000        0.1311603823
        7.5700000000        0.1354689879
        7.5800000000        0.1368891673
        7.5900000000        0.1442065852
        7.6000000000        0.1539487019
        7.6100000000        0.1646912833
        7.6200000000        0.1717584386
        7.6300000000        0.1785624473
        7.6400000000        0.1858514712
        7.6500000000        0.1906797740
        7.6600000000        0.1942376028
        7.6700000000        0.1992513876
        7.6800000000        0.2078877048
        7.6900000000        0.2167683718
        7.7000000000        0.2271090178
        7.7100000000        0.2348678290
        7.7200000000        0.2430705896
        7.7300000000        0.2501152436
        7.7400000000        0.2554088851
        7.7500000000        0.2588192582
        7.7600000000        0.2658850538
        7.7700000000        0.2747924958
        7.7800000000        0.2843708782
        7.7900000000        0.2947021542
        7.8000000000        0.3040390952
        7.8100000000        0.3099820800
        7.8200000000        0.3169325919
        7.8300000000        0.3244087894
        7.8400000000        0.3291327847
        7.8500000000        0.3353172159
        7.8600000000        0.3435271327
        7.8700000000        0.3531738286
        7.8800000000        0.3632603136
        7.8900000000        0.3728793124
        7.9000000000        0.3825851132
        7.9100000000        0.3911416883
        7.9200000000        0.3989248308
        7.9300000000        0.4066736980
        7.9400000000        0.4146347101
        7.9500000000        0.4231344704
        7.9600000000        0.4319547263
        7.9700000000        0.4413428342
        7.9800000000        0.4513973014
        7.9900000000        0.4618412366
        8.0000000000        0.4724468590
        8.0100000000        0.4825448435
        8.0200000000        0.4929808398
        8.0300000000        0.5034632816
        8.0400000000        0.5136056065
        8.0500000000        0.5236711919
        8.0600000000        0.5339042984
        8.0700000000        0.5446616419
        8.0800000000        0.5555225116
        8.0900000000        0.5664226543
        8.1000000000        0.5779916690
        8.1100000000        0.5893476283
        8.1200000000        0.6008460591
        8.1300000000        0.6135720607
        8.1400000000        0.6284011319
        8.1500000000        0.6432493055
        8.1600000000        0.6587116930
        8.1700000000        0.6739479567
        8.1800000000        0.6886362477
        8.1900000000        0.7036066932
        8.2000000000        0.7210431657
        8.2100000000        0.7863763791
        8.2200000000        0.9000245511
        8.2300000000        0.9797592483
        8.2400000000        1.0318500259
        8.2500000000        1.1009779841
        8.2600000000        1.1693070482
        8.2700000000        1.2392765415
        8.2800000000        1.3076923460
        8.2900000000        1.3876218575
        8.3000000000        1.4782840375
        8.3100000000        1.5920625964
        8.3200000000        1.8401833943
        8.3300000000        1.8709961446
        8.3400000000        1.8834770288
        8.3500000000        1.8960455207
        8.3600000000        1.9072833894
        8.3700000000        1.9081860955
        8.3800000000        1.9164896260
        8.3900000000        1.9376416638
        8.4000000000        1.9199724751
        8.4100000000        1.9472560013
        8.4200000000        1.9711184968
        8.4300000000        2.0120853843
        8.4400000000        2.0552220104
        8.4500000000        2.1145580736
        8.4600000000        2.1833298473
        8.4700000000        2.2804324504
        8.4800000000        2.5362373883
        8.4900000000        2.6099143280
        8.5000000000        2.5840149902
        8.5100000000        2.5807853880
        8.5200000000        2.5564687637
        8.5300000000        2.5348818864
        8.5400000000        2.5140982725
        8.5500000000        2.4885602266
        8.5600000000        2.4556921885
        8.5700000000        2.4338119592
        8.5800000000        2.4079878231
        8.5900000000        2.3259502292
        8.6000000000        2.1791562689
        8.6100000000        1.9322775288
        8.6200000000        1.7967949137
        8.6300000000        1.6596460502
        8.6400000000        1.5630224899
        8.6500000000        1.5103294936
        8.6600000000        1.4595897276
        8.6700000000        1.4056406356
        8.6800000000        1.3489068608
        8.6900000000        1.2920110179
        8.7000000000        1.2422599253
        8.7100000000        1.2055470191
        8.7200000000        1.1755806939
        8.7300000000        1.1488965176
        8.7400000000        1.1193888121
        8.7500000000        1.0847130100
        8.7600000000        1.0519586997
        8.7700000000        1.0234036146
        8.7800000000        1.0013393717
        8.7900000000        0.9826913725
        8.8000000000        0.9651549417
        8.8100000000        0.9470726893
        8.8200000000        0.9185466929
        8.8300000000        0.8903564403
        8.8400000000        0.8647667057
        8.8500000000        0.8461964847
        8.8600000000        0.8237591864
        8.8700000000        0.8006316402
        8.8800000000        0.7886647278
        8.8900000000        0.7687384091
        8.9000000000        0.7570170809
        8.9100000000        0.7539162492
        8.9200000000        0.7483253735
        8.9300000000        0.7387430115
        8.9400000000        0.7087766715
        8.9500000000        0.6870706694
        8.9600000000        0.6871368175
        8.9700000000        0.6758645493
        8.9800000000        0.6619047580
        8.9900000000        0.6583802732
        9.0000000000        0.6574883560
        9.0100000000        0.6560919472
        9.0200000000        0.6565370889
        9.0300000000        0.6549272659
        9.0400000000        0.6526051008
        9.0500000000        0.6500038961
        9.0600000000        0.6481099050
        9.0700000000        0.6467512537
        9.0800000000        0.6445810970
        9.0900000000        0.6426729423
        9.1000000000        0.6407036242
        9.1100000000        0.6379004255
        9.1200000000        0.6352388819
        9.1300000000        0.6336264073
        9.1400000000        0.6345542678
        9.1500000000        0.6351496115
        9.1600000000        0.6357325874
        9.1700000000        0.6353476389
        9.1800000000        0.6337496839
        9.1900000000        0.6320903045
        9.2000000000        0.6303550912
        9.2100000000        0.6281774174
        9.2200000000        0.6257992179
        9.2300000000        0.6235895415
        9.2400000000        0.6220801096
        9.2500000000        0.6214376523
        9.2600000000        0.6207920122
        9.2700000000        0.6201125386
        9.2800000000        0.6198140451
        9.2900000000        0.6196304669
        9.3000000000        0.6201992277
        9.3100000000        0.6204382954
        9.3200000000        0.6199261010
        9.3300000000        0.6184949359
        9.3400000000        0.6161539982
        9.3500000000        0.6143263823
        9.3600000000        0.6132257198
        9.3700000000        0.6119260082
        9.3800000000        0.6104942692
        9.3900000000        0.6092578679
        9.4000000000        0.6082226120
        9.4100000000        0.6072601443
        9.4200000000        0.6063972027
        9.4300000000        0.6056942605
        9.4400000000        0.6051048766
        9.4500000000        0.6045882720
        9.4600000000        0.6043588697
        9.4700000000        0.6037957336
        9.4800000000        0.6033731534
        9.4900000000        0.6036562997
        9.5000000000        0.6034500313
        9.5100000000        0.6031592375
        9.5200000000        0.6020776030
        9.5300000000        0.6010412919
        9.5400000000        0.5998274062
        9.5500000000        0.5990931905
        9.5600000000        0.5987142479
        9.5700000000        0.5976918082
        9.5800000000        0.5963343350
        9.5900000000        0.5946883601
        9.6000000000        0.5932108324
        9.6100000000        0.5923902811
        9.6200000000        0.5920223084
        9.6300000000        0.5923266937
        9.6400000000        0.5937289203
        9.6500000000        0.5946450407
        9.6600000000        0.5955685820
        9.6700000000        0.5969778695
        9.6800000000        0.5997346722
        9.6900000000        0.6006190521
        9.7000000000        0.5998504904
        9.7100000000        0.5987789137
        9.7200000000        0.5994393407
        9.7300000000        0.5992778368
        9.7400000000        0.6006653164
        9.7500000000        0.6020901195
        9.7600000000        0.6033261400
        9.7700000000        0.6052135125
        9.7800000000        0.6082096811
        9.7900000000        0.6153313262
        9.8000000000        0.6186786290
        9.8100000000        0.6219586413
        9.8200000000        0.6311435929
        9.8300000000        0.6434069348
        9.8400000000        0.6540525454
        9.8500000000        0.6775638621
        9.8600000000        0.7145303798
        9.8700000000        0.7392814932
        9.8800000000        0.7378112201
        9.8900000000        0.7433264734
        9.9000000000        0.7412742336
        9.9100000000        0.7405705558
        9.9200000000        0.7391215707
        9.9300000000        0.7234047486
        9.9400000000        0.7139671930
        9.9500000000        0.7139427381
        9.9600000000        0.7138407088
        9.9700000000        0.7119050419
        9.9800000000        0.7103395621
        9.9900000000        0.7089969007
       10.0000000000        0.7071870169
       10.0100000000        0.7027923430
       10.0200000000        0.6985781004
       10.0300000000        0.6979012411
       10.0400000000        0.6997123589
       10.0500000000        0.7042291800
       10.0600000000        0.7062864774
       10.0700000000        0.7108135033
       10.0800000000        0.7161208581
       10.0900000000        0.7239255911
       10.1000000000        0.7410725312
       10.1100000000        0.7707207462
       10.1200000000        0.8138367692
       10.1300000000        0.7936537975
       10.1400000000        0.7842632900
       10.1500000000        0.7588302461
       10.1600000000        0.7515795614
       10.1700000000        0.7448745610
       10.1800000000        0.7271061546
       10.1900000000        0.7033151714
       10.2000000000        0.6897805799
       10.2100000000        0.6760561590
       10.2200000000        0.6660382020
       10.2300000000        0.6565045734
       10.2400000000        0.6456605215
       10.2500000000        0.6361027937
       10.2600000000        0.6256600719
       10.2700000000        0.6130632494
       10.2800000000        0.6108290115
       10.2900000000        0.5974254360
       10.3000000000        0.5837593083
       10.3100000000        0.5745696742
       10.3200000000        0.5602740398
       10.3300000000        0.5489458934
       10.3400000000        0.5473647465
       10.3500000000        0.5348944793
       10.3600000000        0.5220673479
       10.3700000000        0.5068455227
       10.3800000000        0.4927605016
       10.3900000000        0.4942411946
       10.4000000000        0.4756784221
       10.4100000000        0.4569447157
       10.4200000000        0.4423530379
       10.4300000000        0.4306158313
       10.4400000000        0.3936997519
       10.4500000000        0.3810406436
       10.4600000000        0.3790781586
       10.4700000000        0.3770827296
       10.4800000000        0.3748274282
       10.4900000000        0.3734251391
       10.5000000000        0.3723583086
       10.5100000000        0.3715959383
       10.5200000000        0.3705364770
       10.5300000000        0.3694910168
       10.5400000000        0.3687286386
       10.5500000000        0.3681631265
       10.5600000000        0.3676617660
       10.5700000000        0.3672009098
       10.5800000000        0.3672235087
       10.5900000000        0.3667153619
       10.6000000000        0.3662434586
       10.6100000000        0.3657699804
       10.6200000000        0.3648181803
       10.6300000000        0.3636637926
       10.6400000000        0.3623502397
       10.6500000000        0.3603455808
       10.6600000000        0.3583755466
       10.6700000000        0.3561874941
       10.6800000000        0.3530236788
       10.6900000000        0.3504494711
       10.7000000000        0.3481981949
       10.7100000000        0.3462179797
       10.7200000000        0.3445581724
       10.7300000000        0.3430252225
       10.7400000000        0.3414486561
       10.7500000000        0.3398543151
       10.7600000000        0.3382038502
       10.7700000000        0.3364846729
       10.7800000000        0.3352626760
       10.7900000000        0.3341337592
       10.8000000000        0.3329466078
       10.8100000000        0.3314083838
       10.8200000000        0.3308062489
       10.8300000000        0.3302314138
       10.8400000000        0.3298437092
       10.8500000000        0.3296356874
       10.8600000000        0.3297208039
       10.8700000000        0.3297069799
       10.8800000000        0.3295950452
       10.8900000000        0.3294695553
       10.9000000000        0.3293327292
       10.9100000000        0.3291534864
       10.9200000000        0.3289516155
       10.9300000000        0.3287885842
       10.9400000000        0.3286137154
       10.9500000000        0.3283655345
       10.9600000000        0.3281930240
       10.9700000000        0.3280532081
       10.9800000000        0.3280156387
       10.9900000000        0.3278831474
       11.0000000000        0.3276627268
       11.0100000000        0.3276598987
       11.0200000000        0.3272267761
       11.0300000000        0.3266884425
       11.0400000000        0.3261983455
       11.0500000000        0.3258549141
       11.0600000000        0.3255026989
       11.0700000000        0.3250788734
       11.0800000000        0.3246270110
       11.0900000000        0.3242894366
       11.1000000000        0.3241657978
       11.1100000000        0.3242430770
       11.1200000000        0.3247311096
       11.1300000000        0.3253790258
       11.1400000000        0.3260768327
       11.1500000000        0.3277451190
       11.1600000000        0.3305422158
       11.1700000000        0.3333156738
       11.1800000000        0.3356339158
       11.1900000000        0.3373375841
       11.2000000000        0.3387637829
       11.2100000000        0.3401066045
       11.2200000000        0.3414568795
       11.2300000000        0.3425795620
       11.2400000000        0.3434077595
       11.2500000000        0.3443735805
       11.2600000000        0.3455309328
       11.2700000000        0.3472378358
       11.2800000000        0.3492665723
       11.2900000000        0.3508955815
       11.3000000000        0.3517649480
       11.3100000000        0.3523326978
       11.3200000000        0.3519590473
       11.3300000000        0.3520107118
       11.3400000000        0.3525771121
       11.3500000000        0.3534911712
       11.3600000000        0.3548845986
       11.3700000000        0.3550925770
       11.3800000000        0.3552775466
       11.3900000000        0.3555664613
       11.4000000000        0.3560741096
       11.4100000000        0.3581938526
       11.4200000000        0.3594485729
       11.4300000000        0.3608803954
       11.4400000000        0.3617152155
       11.4500000000        0.3612529259
       11.4600000000        0.3602566509
       11.4700000000        0.3597217543
       11.4800000000        0.3626486518
       11.4900000000        0.3640580939
       11.5000000000        0.3636815204
       11.5100000000        0.3618229288
       11.5200000000        0.3619105550
       11.5300000000        0.3627053875
       11.5400000000        0.3756142407
       11.5500000000        0.3652436196
       11.5600000000        0.3715616731
       11.5700000000        0.3514479599
       11.5800000000        0.3383580211
       11.5900000000        0.3302114326
       11.6000000000        0.3232142251
       11.6100000000        0.3174422883
       11.6200000000        0.3125413694
       11.6300000000        0.3079532798
       11.6400000000        0.3036556637
       11.6500000000        0.2996415798
       11.6600000000        0.2958804636
       11.6700000000        0.2923562500
       11.6800000000        0.2890230901
       11.6900000000        0.2858121643
       11.7000000000        0.2826745089
       11.7100000000        0.2795598819
       11.7200000000        0.2765976274
       11.7300000000        0.2737082136
       11.7400000000        0.2708844613
       11.7500000000        0.2681402810
       11.7600000000        0.2654513264
       11.7700000000        0.2628108582
       11.7800000000        0.2602168960
       11.7900000000        0.2576582559
       11.8000000000        0.2551397137
       11.8100000000        0.2526615510
       11.8200000000        0.2502271462
       11.8300000000        0.2478336204
       11.8400000000        0.2454731615
       11.8500000000        0.2431411651
       11.8600000000        0.2408215074
       11.8700000000        0.2385203640
       11.8800000000        0.2362583509
       11.8900000000        0.2340754897
       11.9000000000        0.2320826381
       11.9100000000        0.2302976896
       11.9200000000        0.2285531304
       11.9300000000        0.2268317425
       11.9400000000        0.2251248123
       11.9500000000        0.2234331128
       11.9600000000        0.2217553010
       11.9700000000        0.2200969382
       11.9800000000        0.2184079234
       11.9900000000        0.2167121971
       12.0000000000        0.2150273607
       12.0100000000        0.2133526939
       12.0200000000        0.2116910520
       12.0300000000        0.2100578653
       12.0400000000        0.2084618131
       12.0500000000        0.2068933188
       12.0600000000        0.2053192902
       12.0700000000        0.2037391780
       12.0800000000        0.2021093412
       12.0900000000        0.2003913678
       12.1000000000        0.1986672699
       12.1100000000        0.1969637733
       12.1200000000        0.1952985597
       12.1300000000        0.1936417951
       12.1400000000        0.1919852395
       12.1500000000        0.1903281258
       12.1600000000        0.1886835750
       12.1700000000        0.1870427660
       12.1800000000        0.1853790018
       12.1900000000        0.1836839987
       12.2000000000        0.1819592167
       12.2100000000        0.1802446562
       12.2200000000        0.1785257060
       12.2300000000        0.1767946307
       12.2400000000        0.1750421296
       12.2500000000        0.1733097815
       12.2600000000        0.1717551907
       12.2700000000        0.1703500285
       12.2800000000        0.1689685288
       12.2900000000        0.1676371305
       12.3000000000        0.1663189259
       12.3100000000        0.1650331617
       12.3200000000        0.1637649209
       12.3300000000        0.1625165731
       12.3400000000        0.1612844378
       12.3500000000        0.1600598417
       12.3600000000        0.1588378928
       12.3700000000        0.1576376667
       12.3800000000        0.1564160614
       12.3900000000        0.1550915544
       12.4000000000        0.1537665219
       12.4100000000        0.1524467529
       12.4200000000        0.1510247017
       12.4300000000        0.1494076153
       12.4400000000        0.1477595619
       12.4500000000        0.1461167314
       12.4600000000        0.1444924664
       12.4700000000        0.1428980748
       12.4800000000        0.1413299550
       12.4900000000        0.1397755859
       12.5000000000        0.1382864318
       12.5100000000        0.1368552140
       12.5200000000        0.1354436502
       12.5300000000        0.1340427113
       12.5400000000        0.1326134203
       12.5500000000        0.1311617772
       12.5600000000        0.1295748616
       12.5700000000        0.1279188679
       12.5800000000        0.1265304562
       12.5900000000        0.1251597562
       12.6000000000        0.1237982713
       12.6100000000        0.1224454521
       12.6200000000        0.1211147195
       12.6300000000        0.1197640161
       12.6400000000        0.1184208449
       12.6500000000        0.1171010194
       12.6600000000        0.1158159352
       12.6700000000        0.1145481218
       12.6800000000        0.1134145711
       12.6900000000        0.1124425400
       12.7000000000        0.1115014018
       12.7100000000        0.1103135790
       12.7200000000        0.1087041098
       12.7300000000        0.1069080100
       12.7400000000        0.1050804827
       12.7500000000        0.1032474385
       12.7600000000        0.1014145918
       12.7700000000        0.0996131683
       12.7800000000        0.0978682533
       12.7900000000        0.0961763343
       12.8000000000        0.0945237225
       12.8100000000        0.0929028447
       12.8200000000        0.0913356706
       12.8300000000        0.0900334421
       12.8400000000        0.0890099373
       12.8500000000        0.0878512881
       12.8600000000        0.0861395458
       12.8700000000        0.0843071211
       12.8800000000        0.0825251853
       12.8900000000        0.0808531875
       12.9000000000        0.0792796422
       12.9100000000        0.0777920229
       12.9200000000        0.0764102286
       12.9300000000        0.0752027896
       12.9400000000        0.0736363674
       12.9500000000        0.0719235146
       12.9600000000        0.0703571333
       12.9700000000        0.0683115845
       12.9800000000        0.0657418642
       12.9900000000        0.0631973230
       13.0000000000        0.0606849508
       13.0100000000        0.0582153411
       13.0200000000        0.0559198987
       13.0300000000        0.0538031411
       13.0400000000        0.0525086959
       13.0500000000        0.0523279514
       13.0600000000        0.0498349196
       13.0700000000        0.0469951215
       13.0800000000        0.0441994081
       13.0900000000        0.0412383097
       13.1000000000        0.0379185543
       13.1100000000        0.0352719739
       13.1200000000        0.0335049923
       13.1300000000        0.0281381980
       13.1400000000        0.0230211445
       13.1500000000        0.0184193215
       13.1600000000        0.0192081051
       13.1700000000        0.0024392376
       13.1800000000        0.0000000000
       13.1900000000        0.0000000000
       13.2000000000        0.0000000000
       13.2100000000        0.0000000000
       13.2200000000        0.0000000000
       13.2300000000        0.0000000000
       13.2400000000        0.0000000000
       13.2500000000        0.0000000000
       13.2600000000        0.0000000000
       13.2700000000        0.0000000000
       13.2800000000        0.0000000000
       13.2900000000        0.0000000000
       13.3000000000        0.0000000000
       13.3100000000        0.0000000000
       13.3200000000        0.0000000000
       13.3300000000        0.0000000000
       13.3400000000        0.0000000000
       13.3500000000        0.0000000000
       13.3600000000        0.0000000000
       13.3700000000        0.0000000000
       13.3800000000        0.0000000000
       13.3900000000        0.0000000000
       13.4000000000        0.0000000000
       13.4100000000        0.0000000000
       13.4200000000        0.0000000000
       13.4300000000        0.0000000000
       13.4400000000        0.0000000000
       13.4500000000        0.0000000000
       13.4600000000        0.0000000000
       13.4700000000        0.0000000000
       13.4800000000        0.0000000000
       13.4900000000        0.0000000000
       13.5000000000        0.0000000000
       13.5100000000        0.0000000000
       13.5200000000        0.0000000000
       13.5300000000        0.0000000000
       13.5400000000        0.0000000000
       13.5500000000        0.0000000000
       13.5600000000        0.0000000000
       13.5700000000        0.0000000000
       13.5800000000        0.0000000000
       13.5900000000        0.0000000000
       13.6000000000        0.0000000000
       13.6100000000        0.0000000000
       13.6200000000        0.0000000000
       13.6300000000        0.0000000000
       13.6400000000        0.0000000000
       13.6500000000        0.0000000000
       13.6600000000        0.0000000000
       13.6700000000        0.0000000000
       13.6800000000        0.0000000000
       13.6900000000        0.0000000000
       13.7000000000        0.0000000000
       13.7100000000        0.0000000000
       13.7200000000        0.0000000000
       13.7300000000        0.0000000000
       13.7400000000        0.0000000000
       13.7500000000        0.0000000000
       13.7600000000        0.0000000000
       13.7700000000        0.0000000000
       13.7800000000        0.0000000000
       13.7900000000        0.0000000000
       13.8000000000        0.0000000000
       13.8100000000        0.0000000000
       13.8200000000        0.0000000000
       13.8300000000        0.0000000000
       13.8400000000        0.0000000000
       13.8500000000        0.0000000000
       13.8600000000        0.0000000000
       13.8700000000        0.0000000000
       13.8800000000        0.0000000000
       13.8900000000        0.0000000000
       13.9000000000        0.0000000000
       13.9100000000        0.0000000000
       13.9200000000        0.0000000000
       13.9300000000        0.0000000000
       13.9400000000        0.0000000000
       13.9500000000        0.0000000000
       13.9600000000        0.0000000000
       13.9700000000        0.0000000000
       13.9800000000        0.0000000000
       13.9900000000        0.0000000000
       14.0000000000        0.0000000000
       14.0100000000        0.0000000000
       14.0200000000        0.0000000000
       14.0300000000        0.0000000000
       14.0400000000        0.0000000000
       14.0500000000        0.0000000000
       14.0600000000        0.0000000000
       14.0700000000        0.0000000000
       14.0800000000        0.0000000000
       14.0900000000        0.0000000000
       14.1000000000        0.0000000000
       14.1100000000        0.0000000000
       14.1200000000        0.0000000000
       14.1300000000        0.0000000000
       14.1400000000        0.0000000000
       14.1500000000        0.0000000000
       14.1600000000        0.0000000000
       14.1700000000        0.0000000000
       14.1800000000        0.0000000000
       14.1900000000        0.0000000000
       14.2000000000        0.0000000000
       14.2100000000        0.0000000000
       14.2200000000        0.0000000000
       14.2300000000        0.0000000000
       14.2400000000        0.0000000000
       14.2500000000        0.0000000000
       14.2600000000        0.0000000000
       14.2700000000        0.0000000000
       14.2800000000        0.0000000000
       14.2900000000        0.0000000000
       14.3000000000        0.0000000000
       14.3100000000        0.0000000000
       14.3200000000        0.0000000000
       14.3300000000        0.0000000000
       14.3400000000        0.0000000000
       14.3500000000        0.0000000000
       14.3600000000        0.0000000000
       14.3700000000        0.0000000000
       14.3800000000        0.0000000000
       14.3900000000        0.0000000000
       14.4000000000        0.0000000000
       14.4100000000        0.0000000000
       14.4200000000        0.0000000000
       14.4300000000        0.0000000000
       14.4400000000        0.0000000000
       14.4500000000        0.0000000000
       14.4600000000        0.0000000000
       14.4700000000        0.0000000000
       14.4800000000        0.0000000000
       14.4900000000        0.0000000000
       14.5000000000        0.0000000000
